order: 23670
size: 265301
max_degree: 228
avg_degree: 22.416645542881284
density: 0.0009470888310820603
connected: yes
