order: 23052
size: 154217
max_degree: 102
avg_degree: 13.379923650876279
density: 0.0005804487289434853
connected: no
