order: 26475
size: 53381
max_degree: 2628
avg_degree: 4.0325590179414545
density: 0.0001523214859084934
connected: yes
