order: 57735
size: 277740
max_degree: 54
avg_degree: 9.621200311769291
density: 0.00016664704180845412
connected: yes
