order: 18458
size: 117185
max_degree: 10404
avg_degree: 12.697475349441977
density: 0.000687949035566017
connected: yes
