order: 66917
size: 818224
max_degree: 32
avg_degree: 24.454891880986896
density: 0.0003654565706406075
connected: yes
