order: 38841
size: 69334
max_degree: 33
avg_degree: 3.570144949924049
density: 9.191928295376029e-05
connected: yes
