order: 30581
size: 113424
max_degree: 28
avg_degree: 7.417939243321016
density: 0.0002425748608018645
connected: yes
