order: 36441
size: 264660
max_degree: 20
avg_degree: 14.52539721741994
density: 0.0003986113396657503
connected: yes
