order: 40798
size: 1193898
max_degree: 20053
avg_degree: 58.527280749056324
density: 0.001434597660344053
connected: no
