order: 40401
size: 80400
max_degree: 4
avg_degree: 3.9800995024875623
density: 9.851731441800897e-05
connected: yes
