order: 10456
size: 208838
max_degree: 149
avg_degree: 39.946059678653405
density: 0.0038207613274656533
connected: yes
