order: 5976
size: 109582
max_degree: 50
avg_degree: 36.67402945113788
density: 0.006137912878851529
connected: no
