order: 12172
size: 154217
max_degree: 102
avg_degree: 25.339631942162338
density: 0.002081967951866103
connected: yes
