order: 878
size: 3181
max_degree: 151
avg_degree: 7.246013667425968
density: 0.008262273280987421
connected: yes
