order: 49989
size: 224509
max_degree: 5236
avg_degree: 8.982336113945069
density: 0.00017968984784238353
connected: yes
