order: 32768
size: 98274
max_degree: 18
avg_degree: 5.9981689453125
density: 0.00018305517579615162
connected: yes
