order: 17758
size: 54196
max_degree: 573
avg_degree: 6.103840522581372
density: 0.0003437427787678871
connected: yes
