order: 92183
size: 436445
max_degree: 230
avg_degree: 9.469099508586181
density: 0.00010272178417246514
connected: yes
