order: 121192
size: 1262244
max_degree: 80
avg_degree: 20.830483860320815
density: 0.00017188144218894814
connected: no
