order: 20545
size: 158956
max_degree: 77
avg_degree: 15.473935264054514
density: 0.0007532094657347407
connected: yes
