order: 13308
size: 148035
max_degree: 2265
avg_degree: 22.24752028854824
density: 0.0016718659569060076
connected: yes
