order: 60012
size: 300011
max_degree: 40011
avg_degree: 9.998366993268013
density: 0.00016660890492189786
connected: yes
