order: 30817
size: 213208
max_degree: 9338
avg_degree: 13.837037998507318
density: 0.00044902122269299444
connected: yes
