order: 14822
size: 350491
max_degree: 49
avg_degree: 47.29334772635272
density: 0.0031909687420789905
connected: yes
