order: 144649
size: 1074393
max_degree: 26
avg_degree: 14.855173558061239
density: 0.00010269878296320196
connected: yes
