order: 51448
size: 506556
max_degree: 5670
avg_degree: 19.691960814803295
density: 0.0003827620816530273
connected: yes
