nodes: 16384
edges: 49122
max_degree: 16
avg_degree: 5.996337890625
density: 0.00036600975954495513
is_connected: 1
