order: 44609
size: 985046
max_degree: 215
avg_degree: 44.16355443968706
density: 0.000990036640057547
connected: yes
