nodes: 8192
edges: 24547
max_degree: 12
avg_degree: 5.992919921875
density: 0.0007316469200189232
is_connected: 1
