order: 103430
size: 1012440
max_degree: 4056
avg_degree: 19.57729865609591
density: 0.00018928248997956
connected: yes
