order: 74104
size: 365551
max_degree: 276
avg_degree: 9.865891179963295
density: 0.00013313754071985338
connected: yes
