order: 36646
size: 88303
max_degree: 55
avg_degree: 4.819243573650603
density: 0.00013151162706100705
connected: yes
