order: 40797
size: 1193898
max_degree: 20053
avg_degree: 58.52871534671667
density: 0.0014346679906539041
connected: yes
