order: 83995
size: 211524
max_degree: 14
avg_degree: 5.036585511042324
density: 5.996363443867805e-05
connected: no
