order: 110971
size: 741934
max_degree: 26
avg_degree: 13.371673680511124
density: 0.00012049809570614693
connected: yes
