order: 30837
size: 213217
max_degree: 9338
avg_degree: 13.828647404092486
density: 0.00044845788701817634
connected: no
