order: 39082
size: 260320
max_degree: 30
avg_degree: 13.321733790491786
density: 0.0003408749466618507
connected: yes
