order: 75877
size: 405739
max_degree: 3044
avg_degree: 10.694650552868458
density: 0.00014094905573394035
connected: yes
