order: 76638
size: 391458
max_degree: 6719
avg_degree: 10.215767634854771
density: 0.00013330072464807824
connected: yes
