order: 19366
size: 57691
max_degree: 8
avg_degree: 5.957967572033461
density: 0.0003076667994853323
connected: yes
