order: 83334
size: 2963573
max_degree: 80
avg_degree: 71.125182998536
density: 0.0008535056100048722
connected: no
