order: 75888
size: 405740
max_degree: 3044
avg_degree: 10.693126713050813
density: 0.00014090854445492394
connected: no
