order: 84384
size: 295889
max_degree: 1726
avg_degree: 7.0129171406901785
density: 8.31081751145394e-05
connected: yes
