order: 1025
size: 1043
max_degree: 46
avg_degree: 2.0351219512195122
density: 0.001987423780487805
connected: yes
