order: 25187
size: 116702
max_degree: 22817
avg_degree: 9.26684400682892
density: 0.0003679363140962805
connected: no
