nodes: 1882
edges: 1740
max_degree: 46
avg_degree: 1.849096705632306
density: 0.0009830391842808644
is_connected: 0
