order: 59310
size: 766061
max_degree: 269
avg_degree: 25.832439723486765
density: 0.0004355568248240025
connected: yes
