order: 145299
size: 687205
max_degree: 59232
avg_degree: 9.459184165066517
density: 6.51019571161786e-05
connected: yes
