order: 29995
size: 99976
max_degree: 7
avg_degree: 6.6661776962827135
density: 0.0002222503732840806
connected: yes
