order: 8184
size: 59789
max_degree: 81
avg_degree: 14.61119257086999
density: 0.0017855545118990578
connected: yes
