order: 79679
size: 2963573
max_degree: 80
avg_degree: 74.38780607186335
density: 0.0009336053373812514
connected: yes
