order: 99843
size: 1262244
max_degree: 80
avg_degree: 25.28457678555332
density: 0.00025324589637180066
connected: yes
