order: 13332
size: 148038
max_degree: 2265
avg_degree: 22.207920792079207
density: 0.0016658855893840827
connected: no
