order: 58228
size: 214078
max_degree: 1134
avg_degree: 7.353094731057223
density: 0.00012628324885460737
connected: no
