order: 10974
size: 208838
max_degree: 149
avg_degree: 38.06050665208675
density: 0.003468559796964071
connected: no
