order: 35588
size: 572914
max_degree: 188
avg_degree: 32.197032707654266
density: 0.0009047414142145802
connected: no
