order: 67759
size: 256410
max_degree: 10
avg_degree: 7.56829351082513
density: 0.00011169594012257047
connected: no
