order: 18510
size: 117185
max_degree: 10404
avg_degree: 12.661804430037817
density: 0.0006840890609993958
connected: no
