order: 45087
size: 163734
max_degree: 28
avg_degree: 7.263024818683878
density: 0.00016109268550512084
connected: no
