order: 32780
size: 185335
max_degree: 2919
avg_degree: 11.307809640024406
density: 0.00034497115958462445
connected: yes
