order: 31379
size: 53381
max_degree: 2628
avg_degree: 3.4023391440135122
density: 0.00010843072037776507
connected: no
