order: 77
size: 222
max_degree: 9
avg_degree: 5.766233766233766
density: 0.0758714969241285
connected: yes
