order: 86916
size: 262648
max_degree: 29104
avg_degree: 6.043720373694142
density: 6.953598773162448e-05
connected: no
