order: 22967
size: 37200
max_degree: 5
avg_degree: 3.239430487220795
density: 0.0001410533173918312
connected: yes
