order: 22499
size: 43858
max_degree: 4
avg_degree: 3.8986621627627893
density: 0.00017328927739189214
connected: yes
