order: 15229
size: 245952
max_degree: 375
avg_degree: 32.300479348611205
density: 0.0021211242020364595
connected: no
