order: 77360
size: 469180
max_degree: 2539
avg_degree: 12.129782833505688
density: 0.00015679859917405457
connected: yes
