order: 87273
size: 297456
max_degree: 1726
avg_degree: 6.816678697879069
density: 7.810842765009476e-05
connected: no
