order: 42341
size: 177033
max_degree: 22
avg_degree: 8.362249356415766
density: 0.00019750234663239884
connected: yes
