order: 92482
size: 436597
max_degree: 230
avg_degree: 9.441772453017885
density: 0.00010209418640604972
connected: no
