order: 93192
size: 1346871
max_degree: 24195
avg_degree: 28.90529229976822
density: 0.00031017257352929166
connected: yes
