order: 51993
size: 177033
max_degree: 22
avg_degree: 6.809878252841728
density: 0.00013097934783893155
connected: no
