order: 36057
size: 319665
max_degree: 164
avg_degree: 17.73109243697479
density: 0.0004917653771071331
connected: yes
