order: 25063
size: 116640
max_degree: 22817
avg_degree: 9.30774448390057
density: 0.0003713887352924974
connected: yes
