order: 15063
size: 245862
max_degree: 375
avg_degree: 32.64449312885879
density: 0.002167341198304262
connected: yes
