order: 22695
size: 663807
max_degree: 107
avg_degree: 58.49808327825512
density: 0.002577689401527061
connected: no
