order: 26064
size: 75552
max_degree: 6
avg_degree: 5.797421731123388
density: 0.0002224387726325975
connected: yes
