order: 16706
size: 121251
max_degree: 360
avg_degree: 14.515862564348138
density: 0.0008689531615892331
connected: no
