order: 68902
size: 153328
max_degree: 33
avg_degree: 4.450611012742736
density: 6.459428764085769e-05
connected: yes
