order: 41731
size: 258806
max_degree: 5059
avg_degree: 12.403536938966235
density: 0.0002972330922349925
connected: yes
