order: 49702
size: 143957
max_degree: 2920
avg_degree: 5.792805118506298
density: 0.00011655308984741348
connected: no
