order: 43887
size: 211912
max_degree: 63
avg_degree: 9.657164991911044
density: 0.0002200511550815988
connected: yes
