order: 227320
size: 814134
max_degree: 1372
avg_degree: 7.162889319021644
density: 3.151029750712278e-05
connected: yes
