order: 86150
size: 262354
max_degree: 29104
avg_degree: 6.090632617527568
density: 7.069881969062402e-05
connected: yes
