order: 60000
size: 350077
max_degree: 35
avg_degree: 11.669233333333333
density: 0.00019449046372995105
connected: yes
