order: 16259
size: 762774
max_degree: 1272
avg_degree: 93.82791069561473
density: 0.005771184075262316
connected: yes
