order: 70304
size: 1526732
max_degree: 99
avg_degree: 43.43229403732362
density: 0.0006177872073357271
connected: yes
