order: 32226
size: 198109
max_degree: 36
avg_degree: 12.294979209334079
density: 0.0003815354293043934
connected: yes
