order: 21363
size: 91286
max_degree: 279
avg_degree: 8.546177971258718
density: 0.0004000645057231869
connected: yes
