order: 6774
size: 31858
max_degree: 167
avg_degree: 9.405963979923236
density: 0.0013887441281445793
connected: yes
