order: 62631
size: 366559
max_degree: 32
avg_degree: 11.70535357889863
density: 0.00018689691168607102
connected: yes
