order: 23560
size: 230968
max_degree: 20
avg_degree: 19.60679117147708
density: 0.0008322420803717085
connected: yes
