order: 60098
size: 989799
max_degree: 30003
avg_degree: 32.93949881859629
density: 0.0005481055430153967
connected: yes
