order: 46772
size: 1021261
max_degree: 62
avg_degree: 43.66975968528179
density: 0.0009336930936965597
connected: yes
