order: 101492
size: 772886
max_degree: 30
avg_degree: 15.230481220194696
density: 0.00015006730863026963
connected: yes
