order: 33401
size: 642127
max_degree: 583
avg_degree: 38.449567378222206
density: 0.0011511846520425811
connected: yes
