order: 65536
size: 342127
max_degree: 27
avg_degree: 10.440887451171875
density: 0.00015931773023837454
connected: no
