order: 28924
size: 1007284
max_degree: 218
avg_degree: 69.65039413635735
density: 0.002408131733788243
connected: yes
