order: 40216
size: 516021
max_degree: 20023
avg_degree: 25.66247264770241
density: 0.0006381318574587196
connected: no
