order: 49508
size: 143888
max_degree: 2920
avg_degree: 5.812717136624384
density: 0.00011741202530196505
connected: yes
