order: 30202
size: 50101
max_degree: 101
avg_degree: 3.3177273028276275
density: 0.00010985488238229288
connected: yes
