order: 54929
size: 276914
max_degree: 60
avg_degree: 10.082615740319321
density: 0.0001835605836789856
connected: yes
