order: 14845
size: 119652
max_degree: 360
avg_degree: 16.12017514314584
density: 0.0010859724564231906
connected: yes
