order: 636
size: 3959
max_degree: 66
avg_degree: 12.449685534591195
density: 0.019605803991482196
connected: no
