order: 65532
size: 342127
max_degree: 27
avg_degree: 10.441524751266558
density: 0.00015933718013255645
connected: yes
