order: 11204
size: 117619
max_degree: 491
avg_degree: 20.995894323455907
density: 0.0018741314222490322
connected: yes
