order: 36682
size: 88328
max_degree: 55
avg_degree: 4.815876996892209
density: 0.0001312907771568989
connected: no
