order: 35586
size: 572913
max_degree: 188
avg_degree: 32.198786039453715
density: 0.0009048415354630804
connected: yes
