order: 56739
size: 212945
max_degree: 1134
avg_degree: 7.506124535152188
density: 0.00013229448579703528
connected: yes
