order: 50000
size: 749494
max_degree: 55
avg_degree: 29.97976
density: 0.0005996071921438429
connected: yes
