order: 145301
size: 687206
max_degree: 59232
avg_degree: 9.459067728370762
density: 6.510025965843608e-05
connected: no
