order: 16347
size: 762822
max_degree: 1272
avg_degree: 93.3286841622316
density: 0.005709573238849358
connected: no
