order: 70656
size: 878854
max_degree: 32
avg_degree: 24.87698143115942
density: 0.0003520908843133454
connected: yes
