order: 40215
size: 516021
max_degree: 20023
avg_degree: 25.663110779559865
density: 0.0006381635942597072
connected: yes
