order: 5489
size: 107016
max_degree: 41
avg_degree: 38.992894880670434
density: 0.007105119329568228
connected: yes
