order: 15379
size: 118353
max_degree: 58
avg_degree: 15.39150790038364
density: 0.001000878391233167
connected: yes
