order: 99617
size: 662431
max_degree: 125
avg_degree: 13.299557304476144
density: 0.00013350824470442644
connected: yes
