order: 40366
size: 69342
max_degree: 33
avg_degree: 3.435663677352227
density: 8.511491830427913e-05
connected: no
