order: 16129
size: 118440
max_degree: 24
avg_degree: 14.686589373178746
density: 0.0009106268212536426
connected: yes
