order: 22044
size: 478668
max_degree: 125
avg_degree: 43.42841589548176
density: 0.00197016812119411
connected: yes
