order: 41374
size: 218468
max_degree: 167
avg_degree: 10.560641949050128
density: 0.00025525444007082224
connected: yes
