order: 23412
size: 97536
max_degree: 14
avg_degree: 8.332137365453613
density: 0.00035590693970584825
connected: yes
