order: 51035
size: 333403
max_degree: 9473
avg_degree: 13.065660821005192
density: 0.00025601874869704886
connected: yes
