order: 15439
size: 118401
max_degree: 58
avg_degree: 15.337910486430468
density: 0.000993516678742743
connected: no
