order: 18355
size: 611660
max_degree: 107
avg_degree: 66.64777989648597
density: 0.0036312400510235356
connected: yes
