order: 67758
size: 256410
max_degree: 10
avg_degree: 7.568405206765253
density: 0.00011169923707905092
connected: yes
