order: 30237
size: 709963
max_degree: 221
avg_degree: 46.95988358633463
density: 0.0015531116412995972
connected: yes
