order: 5882
size: 109582
max_degree: 50
avg_degree: 37.26011560693642
density: 0.006335676858856728
connected: yes
