order: 24696
size: 863241
max_degree: 80
avg_degree: 69.90937803692906
density: 0.0028309122509386133
connected: yes
