order: 21200
size: 733784
max_degree: 79
avg_degree: 69.22490566037736
density: 0.003265479770761704
connected: yes
