order: 12008
size: 118489
max_degree: 491
avg_degree: 19.735009993337776
density: 0.0016436253846371096
connected: no
