order: 10429
size: 46585
max_degree: 26
avg_degree: 8.933742448940455
density: 0.000856707177688958
connected: yes
